#   gal ID      M*          age        k_rot        M200
  668240    3.2218e+08     4.9708     0.3728    1.0386e+11
  668962    8.7768e+08     5.5558     0.6105    1.5664e+11
  670218    9.8446e+08     3.7879     0.6367    1.4114e+11
  671155    4.4075e+08     5.4220     0.6238    1.3908e+11
  676808    8.1923e+08     4.0153     0.3785    1.5234e+11
  676908    3.7843e+08     4.9116     0.5169    1.0112e+11
  678756    3.0236e+08     6.0001     0.4143    1.0632e+11
  679463    2.1627e+08     3.8543     0.6914    7.2893e+10
  680811    2.1807e+08     5.6130     0.4011    1.6465e+11
  688135    6.6490e+08     4.1182     0.6520    1.3718e+11
  688299    9.8491e+08     4.7842     0.6830    1.4633e+11
  691774    6.6900e+08     4.1926     0.5417    1.2640e+11
  691956    6.7375e+08     5.3938     0.6183    1.1569e+11
  695063    9.2923e+08     6.7633     0.6051    1.3883e+11
  696147    5.5828e+08     4.6284     0.6017    9.1861e+10
  697278    5.5180e+08     4.9144     0.4694    1.1930e+11
  698363    8.3141e+08     5.0028     0.5429    1.2068e+11
  698567    7.2155e+08     6.4922     0.5880    1.2328e+11
  700434    4.7566e+08     3.9527     0.5702    1.1688e+11
  700994    8.0819e+08     5.1040     0.7382    1.1743e+11
  701081    8.3491e+08     4.6440     0.5917    1.1829e+11
  701644    6.3144e+08     5.7621     0.6674    1.1883e+11
  702364    6.4487e+08     5.7380     0.6642    9.8197e+10
  702512    8.8445e+08     6.1726     0.5745    1.2316e+11
  702925    3.4495e+08     6.9983     0.4658    1.1955e+11
  703249    7.0505e+08     5.2057     0.6077    1.1907e+11
  703312    4.7913e+08     4.4676     0.4815    1.1325e+11
  704690    5.2234e+08     5.2916     0.5079    7.9286e+10
  704933    1.4184e+08     5.9115     0.4530    4.6989e+10
  705065    9.2696e+08     4.9599     0.7642    1.1487e+11
  706938    6.1313e+08     5.7113     0.5987    1.1560e+11
  706996    2.3930e+08     5.7537     0.3953    1.0797e+11
  708293    5.3126e+08     6.8980     0.4639    1.1237e+11
  708747    5.1146e+08     7.2577     0.7359    1.0226e+11
  709224    3.8315e+08     5.6736     0.5829    1.0780e+11
  711069    8.0031e+08     5.6265     0.6349    1.0999e+11
  712224    4.8999e+08     4.7262     0.6798    1.0271e+11
  712457    7.1053e+08     4.4429     0.4923    1.0922e+11
  712942    3.8915e+08     4.1912     0.4626    1.0575e+11
  713737    3.6477e+08     4.7312     0.5071    1.0462e+11
  715007    3.8238e+08     6.5588     0.6714    1.0141e+11
  716514    1.6416e+08     4.8537     0.4925    9.4233e+10
  717670    4.0195e+08     6.0315     0.5634    8.9585e+10
  717724    2.0680e+08     3.6629     0.4002    7.5239e+10
  717970    3.8666e+08     5.4941     0.5607    8.5401e+10
  719261    9.4000e+08     5.1721     0.5705    9.4493e+10
  719318    4.3279e+08     6.7907     0.4634    9.9427e+10
  720242    5.6935e+08     5.7299     0.5999    1.0016e+11
  720295    2.0395e+08     5.4085     0.5048    9.8701e+10
  720565    5.8715e+08     5.5618     0.6305    9.6175e+10
  720668    2.8471e+08     4.8501     0.4189    9.5924e+10
  721110    2.9147e+08     4.9331     0.3866    9.2419e+10
  722070    2.2706e+08     4.6439     0.4269    9.1458e+10
  723275    2.5040e+08     6.2198     0.4162    9.6512e+10
  724130    3.6468e+08     5.6210     0.5752    7.0713e+10
  724315    4.6324e+08     4.5998     0.5596    9.0803e+10
  724363    1.1493e+08     5.3225     0.4855    3.6469e+10
  724832    7.1110e+08     4.5568     0.6688    8.8703e+10
  725173    1.6850e+08     6.5410     0.4933    7.3535e+10
  725595    5.0259e+08     5.3307     0.6171    7.6802e+10
  726832    8.4676e+08     5.5968     0.6881    8.1538e+10
  728072    4.7705e+08     4.4655     0.5166    8.4985e+10
  728769    6.3839e+08     3.9154     0.6651    8.0938e+10
  728859    3.2858e+08     6.6643     0.4192    8.6631e+10
  729716    2.5619e+08     4.3076     0.3112    5.1131e+10
  730232    4.3709e+08     4.3231     0.5096    7.7851e+10
  730665    4.1181e+08     4.6653     0.6305    7.3075e+10
  730715    6.3358e+08     6.5028     0.6510    7.1786e+10
  733681    1.7787e+08     4.4278     0.3280    7.3359e+10
  733966    3.7210e+08     4.8595     0.5667    6.2814e+10
  734128    8.2547e+08     5.2359     0.6988    7.9866e+10
  734329    6.6479e+08     5.1554     0.6387    7.8055e+10
  734757    6.5031e+08     6.7779     0.6390    9.4342e+10
  734957    3.8581e+08     3.7678     0.5356    7.6413e+10
  735012    3.9901e+08     3.9527     0.4920    6.2649e+10
  735686    4.3081e+08     5.2812     0.6568    7.8301e+10
  736619    3.7985e+08     4.4131     0.5609    7.1757e+10
  737043    3.1895e+08     6.7622     0.4177    7.4853e+10
  737650    2.2078e+08     6.2269     0.4703    6.4601e+10
  737912    4.7145e+08     5.0374     0.6299    6.7481e+10
  738739    3.2803e+08     4.4922     0.3482    6.9793e+10
  739797    5.3430e+08     6.6933     0.6050    8.0322e+10
  740272    2.0687e+08     4.5577     0.3082    7.6242e+10
  740778    3.9739e+08     5.7748     0.5429    8.0469e+10
  740805    4.9198e+08     4.4455     0.5317    7.0682e+10
  740918    2.5778e+08     5.6655     0.4692    7.7363e+10
  741146    1.5178e+08     4.4754     0.3203    7.0518e+10
  742461    2.5791e+08     6.8614     0.4292    6.2034e+10
  742482    1.4041e+08     3.8018     0.3698    6.8076e+10
  742591    4.6912e+08     5.2590     0.4846    5.9827e+10
  742891    8.1180e+07     3.2903     0.4182    5.6494e+10
  744230    2.9837e+08     5.9938     0.5770    7.1831e+10
  745475    2.7274e+08     5.0730     0.6173    6.8370e+10
  748925    2.6228e+08     4.8880     0.6856    6.2463e+10
  749096    1.4740e+08     5.2266     0.3549    6.9708e+10
  749339    2.3096e+08     5.3617     0.4137    4.4901e+10
  750641    1.2188e+08     4.3426     0.4416    6.1439e+10
  751066    1.5237e+08     3.6842     0.6284    5.0292e+10
  753024    2.2476e+08     4.6775     0.6482    5.6152e+10
  754311    4.6001e+08     5.7542     0.6669    6.3492e+10
  755320    1.2002e+08     5.2205     0.4499    5.7772e+10
  757131    2.1830e+08     5.9019     0.5724    5.3390e+10
  757348    3.4458e+08     5.2218     0.6260    5.6173e+10
  757749    2.4531e+08     4.4759     0.5216    6.4761e+10
  758154    2.5269e+08     5.1735     0.5141    5.3534e+10
  760393    9.4234e+07     4.0048     0.4208    5.2818e+10
  762639    1.7627e+08     3.7076     0.3745    5.5037e+10
  762823    1.2746e+08     3.3564     0.2907    5.0759e+10
  763398    2.6556e+08     6.7709     0.5091    5.8802e+10
  763583    1.2466e+08     3.9680     0.4544    5.4273e+10
  764142    8.8623e+07     5.2076     0.4806    5.3165e+10
  766541    1.3102e+08     3.6626     0.4948    4.9622e+10
  769317    2.2309e+08     4.2566     0.4347    3.0164e+10
  770657    2.4910e+08     6.9848     0.6136    5.2089e+10
  770839    1.8559e+08     4.8042     0.4700    4.1357e+10
  772484    9.5513e+07     3.8890     0.4225    4.4437e+10
  774350    1.8806e+08     5.4863     0.5578    3.5775e+10
  774688    9.8881e+07     6.4433     0.5030    4.4452e+10
  774837    1.7072e+08     5.6605     0.4968    4.6680e+10
  776615    6.4121e+07     5.2035     0.4086    4.5552e+10
  776767    8.0403e+07     3.5594     0.4293    4.0832e+10
  778625    1.2471e+08     7.6457     0.4510    4.6126e+10
  779893    2.7749e+08     6.7329     0.5105    4.4792e+10
  780838    1.7018e+08     4.8104     0.4619    2.9209e+10
  782123    4.3167e+07     4.4950     0.5734    3.8390e+10
  784401    6.8116e+07     4.3578     0.4474    1.9220e+10
  786896    2.1652e+08     4.2814     0.4370    4.1480e+10
  791167    1.3081e+08     4.6127     0.6503    3.4818e+10
  793180    4.1457e+07     7.7181     0.4530    3.4887e+10
  809575    1.3028e+08     7.7801     0.4149    2.7838e+10
  812595    6.5696e+07     4.2120     0.5696    2.8962e+10
  826940    1.3269e+08     5.9563     0.3901    2.2255e+10
  832514    4.8041e+07     6.4447     0.4994    2.3675e+10
  844911    1.0061e+08     5.3591     0.4671    1.5559e+10
